1880 -0.52
1881 -0.5
1882 -0.4
1883 -0.41
1884 -0.71
1885 -0.56
1886 -0.7
1887 -0.73
1888 -0.5
1889 -0.25
1890 -0.61
1891 -0.61
1892 -0.54
1893 -0.58
1894 -0.46
1895 -0.38
1896 -0.33
1897 -0.23
1898 -0.41
1899 -0.33
1900 -0.17
1901 -0.18
1902 -0.38
1903 -0.45
1904 -0.57
1905 -0.38
1906 -0.27
1907 -0.56
1908 -0.41
1909 -0.43
1910 -0.37
1911 -0.4
1912 -0.37
1913 -0.37
1914 -0.11
1915 -0.11
1916 -0.34
1917 -0.55
1918 -0.46
1919 -0.22
1920 -0.3
1921 -0.19
1922 -0.28
1923 -0.29
1924 -0.25
1925 -0.26
1926 -0.05
1927 -0.19
1928 -0.11
1929 -0.34
1930 -0.16
1931 -0.09
1932 -0.11
1933 -0.24
1934 -0.09
1935 -0.21
1936 -0.08
1937 0.01
1938 0.07
1939 -0.11
1940 0.08
1941 0.04
1942 0.06
1943 0
1944 0.06
1945 -0.08
1946 -0.06
1947 0.05
1948 -0.06
1949 -0.1
1950 -0.21
1951 -0.06
1952 -0.02
1953 0.06
1954 -0.13
1955 -0.13
1956 -0.23
1957 0.02
1958 0.07
1959 0.04
1960 -0.03
1961 0.08
1962 0.02
1963 0.02
1964 -0.25
1965 -0.17
1966 -0.07
1967 -0.02
1968 -0.1
1969 0.01
1970 0.07
1971 -0.07
1972 -0.02
1973 0.22
1974 -0.04
1975 0.01
1976 -0.18
1977 0.21
1978 0.13
1979 0.2
1980 0.34
1981 0.43
1982 0.13
1983 0.38
1984 0.21
1985 0.19
1986 0.24
1987 0.4
1988 0.5
1989 0.37
1990 0.52
1991 0.52
1992 0.24
1993 0.27
1994 0.38
1995 0.57
1996 0.49
1997 0.54
1998 0.84
1999 0.59
2000 0.56
2001 0.66
2002 0.79
2003 0.76
2004 0.67
2005 0.86
2006 0.75
2007 0.84
2008 0.63
2009 0.77
2010 0.9
2011 0.77
2012 0.76
2013 0.81
2014 0.86
2015 0.97
2016 1.24
2017 1.13
2018 1.05
2019 0
